chair.obj missing.raw 0 1.41211 0.00000 0.00000 3.14159 3.14159 3.92181 0.70000 0.70000 0.70000
chair.obj missing.raw 0 3.88681 2.05659 0.80000 3.14159 3.14159 -0.48834 0.70000 0.70000 0.70000
monitor.obj monitor.raw 0 0.47285 -0.06640 0.81128 0.00000 -0.00000 0.17175 1.00000 1.00000 1.00000
phone.obj phone.raw 0 2.90929 1.98868 0.80000 0.00000 -0.00000 -1.20748 1.00000 1.00000 1.00000
monitor.obj monitor.raw 0 0.68610 -0.61587 0.81128 0.00000 -0.00000 0.49787 1.00000 1.00000 1.00000
table.obj missing.raw 0 0.00000 0.00000 0.00000 0.00000 -0.00000 0.17332 1.00000 1.00000 1.00000
table.obj missing.raw 0 3.39114 2.18071 -0.00000 0.00000 -0.00000 1.51610 1.00000 1.00000 1.00000
table.obj missing.raw 0 0.00000 0.00000 0.80000 0.00000 -0.00000 0.17332 1.00000 1.00000 1.00000
table.obj missing.raw 0 0.00000 0.00000 1.60000 0.00000 -0.00000 0.17332 1.00000 1.00000 1.00000
table.obj missing.raw 0 0.00000 0.00000 2.40000 0.00000 -0.00000 0.17332 1.00000 1.00000 1.00000
table.obj missing.raw 0 0.00000 0.00000 3.20000 0.00000 -0.00000 0.17332 1.00000 1.00000 1.00000